Total memory size: 393216 B, 384 KiB, 0 MiB

 Step    Time, s Interact/s  GFLOP/s
    0  1.068e+01  2.513e+07      0.4 (warm up)
    1  1.054e+01  2.547e+07      0.4 (warm up)
    2  1.048e+01  2.562e+07      0.4 (warm up)
    3  1.060e+01  2.533e+07      0.4 
    4  1.048e+01  2.562e+07      0.4 
    5  1.048e+01  2.562e+07      0.4 
    6  1.051e+01  2.554e+07      0.4 
    7  1.055e+01  2.544e+07      0.4 
    8  1.048e+01  2.562e+07      0.4 
    9  1.084e+01  2.476e+07      0.4 
   10  1.048e+01  2.561e+07      0.4 
   11  1.048e+01  2.561e+07      0.4 
   12  1.048e+01  2.561e+07      0.4 
-----------------------------------------------------
Average performance:             0.4 +- 0.0 GFLOP/s
-----------------------------------------------------