Total memory size: 786432 B, 768 KiB, 0 MiB

 Step    Time, s Interact/s  GFLOP/s
    0  7.721e-02  3.477e+09    125.2 (warm up)
    1  7.805e-02  3.439e+09    123.8 (warm up)
    2  7.807e-02  3.438e+09    123.8 (warm up)
    3  3.878e-02  6.922e+09    249.2 
    4  3.861e-02  6.952e+09    250.3 
    5  3.856e-02  6.962e+09    250.6 
    6  3.858e-02  6.957e+09    250.5 
    7  3.851e-02  6.971e+09    251.0 
    8  3.837e-02  6.996e+09    251.9 
    9  3.865e-02  6.946e+09    250.0 
   10  3.835e-02  7.000e+09    252.0 
   11  3.838e-02  6.994e+09    251.8 
   12  3.876e-02  6.925e+09    249.3 
-----------------------------------------------------
Average performance:           250.7 +- 1.0 GFLOP/s
-----------------------------------------------------