Total memory size: 786432 B, 768 KiB, 0 MiB

 Step    Time, s Interact/s  GFLOP/s
    0  9.886e-02  2.715e+09     97.8 (warm up)
    1  9.277e-02  2.893e+09    104.2 (warm up)
    2  4.856e-02  5.528e+09    199.0 (warm up)
    3  4.482e-02  5.989e+09    215.6 
    4  4.486e-02  5.984e+09    215.4 
    5  4.456e-02  6.024e+09    216.9 
    6  4.457e-02  6.023e+09    216.8 
    7  4.479e-02  5.993e+09    215.7 
    8  4.458e-02  6.021e+09    216.8 
    9  4.451e-02  6.031e+09    217.1 
   10  4.485e-02  5.985e+09    215.5 
   11  4.456e-02  6.024e+09    216.9 
   12  4.452e-02  6.029e+09    217.1 
-----------------------------------------------------
Average performance:           216.4 +- 0.7 GFLOP/s
-----------------------------------------------------