Total memory size: 786432 B, 768 KiB, 0 MiB

 Step    Time, s Interact/s  GFLOP/s
    0  7.361e-02  3.647e+09    131.3 (warm up)
    1  7.023e-02  3.822e+09    137.6 (warm up)
    2  6.303e-02  4.259e+09    153.3 (warm up)
    3  3.440e-02  7.804e+09    281.0 
    4  3.393e-02  7.911e+09    284.8 
    5  3.379e-02  7.945e+09    286.0 
    6  3.410e-02  7.872e+09    283.4 
    7  3.391e-02  7.916e+09    285.0 
    8  3.399e-02  7.897e+09    284.3 
    9  3.362e-02  7.984e+09    287.4 
   10  3.394e-02  7.910e+09    284.8 
   11  3.367e-02  7.972e+09    287.0 
   12  3.379e-02  7.945e+09    286.0 
-----------------------------------------------------
Average performance:           285.0 +- 1.8 GFLOP/s
-----------------------------------------------------