Total memory size: 786432 B, 768 KiB, 0 MiB

 Step    Time, s Interact/s  GFLOP/s
    0  2.310e-01  1.162e+09     20.9 (warm up)
    1  1.268e-01  2.117e+09     38.1 (warm up)
    2  1.266e-01  2.121e+09     38.2 (warm up)
    3  1.266e-01  2.121e+09     38.2 
    4  1.266e-01  2.120e+09     38.2 
    5  1.369e-01  1.961e+09     35.3 
    6  1.414e-01  1.898e+09     34.2 
    7  1.402e-01  1.915e+09     34.5 
    8  1.471e-01  1.825e+09     32.9 
    9  1.432e-01  1.875e+09     33.7 
   10  1.398e-01  1.920e+09     34.6 
   11  1.283e-01  2.092e+09     37.7 
   12  1.352e-01  1.986e+09     35.7 
-----------------------------------------------------
Average performance:            35.5 +- 1.8 GFLOP/s
-----------------------------------------------------