Total memory size: 786432 B, 768 KiB, 0 MiB

 Step    Time, s Interact/s  GFLOP/s
    0  1.195e-01  2.246e+09     80.9 (warm up)
    1  1.003e-01  2.675e+09     96.3 (warm up)
    2  5.405e-02  4.967e+09    178.8 (warm up)
    3  5.365e-02  5.004e+09    180.1 
    4  5.384e-02  4.986e+09    179.5 
    5  5.352e-02  5.015e+09    180.6 
    6  5.384e-02  4.986e+09    179.5 
    7  5.354e-02  5.014e+09    180.5 
    8  5.387e-02  4.983e+09    179.4 
    9  5.351e-02  5.017e+09    180.6 
   10  5.356e-02  5.012e+09    180.4 
   11  5.387e-02  4.983e+09    179.4 
   12  5.358e-02  5.010e+09    180.4 
-----------------------------------------------------
Average performance:           180.0 +- 0.5 GFLOP/s
-----------------------------------------------------