
Total memory size: 786432 B, 768 KiB, 0 MiB

 Step    Time, s Interact/s  GFLOP/s
    0  9.299e-02  2.887e+09    103.9 (warm up)
    1  8.684e-02  3.091e+09    111.3 (warm up)
    2  4.777e-02  5.620e+09    202.3 (warm up)
    3  4.210e-02  6.377e+09    229.6 
    4  4.192e-02  6.404e+09    230.6 
    5  4.379e-02  6.130e+09    220.7 
    6  4.177e-02  6.427e+09    231.4 
    7  4.215e-02  6.368e+09    229.3 
    8  4.172e-02  6.434e+09    231.6 
    9  4.185e-02  6.415e+09    230.9 
   10  4.223e-02  6.357e+09    228.8 
   11  4.187e-02  6.411e+09    230.8 
   12  4.187e-02  6.411e+09    230.8 
-----------------------------------------------------
Average performance:           229.4 +- 3.1 GFLOP/s
-----------------------------------------------------