Total memory size: 786432 B, 768 KiB, 0 MiB

 Step    Time, s Interact/s  GFLOP/s
    0  2.276e-01  1.179e+09     42.5 (warm up)
    1  1.322e-01  2.030e+09     73.1 (warm up)
    2  1.283e-01  2.092e+09     75.3 (warm up)
    3  1.336e-01  2.010e+09     72.3 
    4  1.321e-01  2.031e+09     73.1 
    5  1.210e-01  2.218e+09     79.9 
    6  1.230e-01  2.182e+09     78.6 
    7  1.108e-01  2.422e+09     87.2 
    8  1.331e-01  2.017e+09     72.6 
    9  1.104e-01  2.430e+09     87.5 
   10  1.267e-01  2.119e+09     76.3 
   11  1.104e-01  2.431e+09     87.5 
   12  1.104e-01  2.430e+09     87.5 
-----------------------------------------------------
Average performance:            80.2 +- 6.3 GFLOP/s
-----------------------------------------------------