Total memory size: 786432 B, 768 KiB, 0 MiB

 Step    Time, s Interact/s  GFLOP/s
    0  2.647e-01  1.014e+09     36.5 (warm up)
    1  1.623e-01  1.653e+09     59.5 (warm up)
    2  1.460e-01  1.839e+09     66.2 (warm up)
    3  1.815e-01  1.479e+09     53.3 
    4  1.453e-01  1.847e+09     66.5 
    5  1.736e-01  1.547e+09     55.7 
    6  1.467e-01  1.830e+09     65.9 
    7  1.453e-01  1.847e+09     66.5 
    8  1.705e-01  1.575e+09     56.7 
    9  1.450e-01  1.851e+09     66.6 
   10  1.544e-01  1.738e+09     62.6 
   11  1.605e-01  1.673e+09     60.2 
   12  1.452e-01  1.849e+09     66.6 
-----------------------------------------------------
Average performance:            62.0 +- 5.0 GFLOP/s
-----------------------------------------------------