Total memory size: 786432 B, 768 KiB, 0 MiB

 Step    Time, s Interact/s  GFLOP/s
    0  3.168e-02  8.474e+09    305.1 (warm up)
    1  2.846e-02  9.433e+09    339.6 (warm up)
    2  2.841e-02  9.450e+09    340.2 (warm up)
    3  2.842e-02  9.445e+09    340.0 
    4  2.366e-02  1.135e+10    408.5 
    5  1.427e-02  1.881e+10    677.1 
    6  1.425e-02  1.883e+10    678.0 
    7  1.404e-02  1.912e+10    688.3 
    8  1.404e-02  1.911e+10    688.1 
    9  1.399e-02  1.919e+10    690.9 
   10  1.394e-02  1.926e+10    693.2 
   11  1.395e-02  1.924e+10    692.5 
   12  1.382e-02  1.943e+10    699.4 
-----------------------------------------------------
Average performance:           625.6 +- 126.8 GFLOP/s
-----------------------------------------------------