
Total memory size: 786432 B, 768 KiB, 0 MiB

 Step    Time, s Interact/s  GFLOP/s
    0  9.272e-02  2.895e+09    104.2 (warm up)
    1  7.467e-02  3.595e+09    129.4 (warm up)
    2  4.223e-02  6.356e+09    228.8 (warm up)
    3  4.203e-02  6.387e+09    229.9 
    4  4.291e-02  6.256e+09    225.2 
    5  4.185e-02  6.414e+09    230.9 
    6  4.181e-02  6.420e+09    231.1 
    7  4.299e-02  6.244e+09    224.8 
    8  4.191e-02  6.406e+09    230.6 
    9  4.187e-02  6.411e+09    230.8 
   10  4.296e-02  6.248e+09    224.9 
   11  4.188e-02  6.409e+09    230.7 
   12  4.183e-02  6.417e+09    231.0 
-----------------------------------------------------
Average performance:           229.0 +- 2.7 GFLOP/s
-----------------------------------------------------