Total memory size: 393216 B, 384 KiB, 0 MiB

 Step    Time, s Interact/s  GFLOP/s
    0  2.637e+00  1.018e+08      1.8 (warm up)
    1  2.448e+00  1.097e+08      2.0 (warm up)
    2  2.448e+00  1.097e+08      2.0 (warm up)
    3  2.449e+00  1.096e+08      2.0 
    4  2.448e+00  1.096e+08      2.0 
    5  2.448e+00  1.097e+08      2.0 
    6  2.448e+00  1.097e+08      2.0 
    7  2.449e+00  1.096e+08      2.0 
    8  2.448e+00  1.097e+08      2.0 
    9  2.448e+00  1.097e+08      2.0 
   10  2.448e+00  1.097e+08      2.0 
   11  2.449e+00  1.096e+08      2.0 
   12  2.448e+00  1.097e+08      2.0 
-----------------------------------------------------
Average performance:             2.0 +- 0.0 GFLOP/s
-----------------------------------------------------