Total memory size: 786432 B, 768 KiB, 0 MiB

 Step    Time, s Interact/s  GFLOP/s
    0  2.360e-01  1.137e+09     20.5 (warm up)
    1  1.269e-01  2.116e+09     38.1 (warm up)
    2  1.615e-01  1.663e+09     29.9 (warm up)
    3  1.568e-01  1.712e+09     30.8 
    4  1.935e-01  1.387e+09     25.0 
    5  1.786e-01  1.503e+09     27.1 
    6  1.908e-01  1.407e+09     25.3 
    7  1.555e-01  1.726e+09     31.1 
    8  1.581e-01  1.697e+09     30.6 
    9  1.621e-01  1.656e+09     29.8 
   10  1.473e-01  1.823e+09     32.8 
   11  1.511e-01  1.777e+09     32.0 
   12  1.525e-01  1.761e+09     31.7 
-----------------------------------------------------
Average performance:            29.6 +- 2.7 GFLOP/s
-----------------------------------------------------