Total memory size: 1179648 B, 1152 KiB, 1 MiB

 Step    Time, s Interact/s  GFLOP/s
    0  1.506e-01  1.782e+09     64.2 (warm up)
    1  8.046e-02  3.336e+09    120.1 (warm up)
    2  8.042e-02  3.338e+09    120.2 (warm up)
    3  8.058e-02  3.331e+09    119.9 
    4  8.017e-02  3.348e+09    120.5 
    5  8.052e-02  3.334e+09    120.0 
    6  8.044e-02  3.337e+09    120.1 
    7  8.014e-02  3.350e+09    120.6 
    8  7.872e-02  3.410e+09    122.8 
    9  6.933e-02  3.872e+09    139.4 
   10  6.936e-02  3.870e+09    139.3 
   11  6.908e-02  3.886e+09    139.9 
   12  1.202e-01  2.233e+09     80.4 
-----------------------------------------------------
Average performance:           122.3 +- 16.3 GFLOP/s
-----------------------------------------------------