Total memory size: 786432 B, 768 KiB, 0 MiB

 Step    Time, s Interact/s  GFLOP/s
    0  8.857e-02  3.031e+09    109.1 (warm up)
    1  6.361e-02  4.220e+09    151.9 (warm up)
    2  3.912e-02  6.862e+09    247.0 (warm up)
    3  3.874e-02  6.929e+09    249.5 
    4  3.900e-02  6.883e+09    247.8 
    5  4.069e-02  6.597e+09    237.5 
    6  4.479e-02  5.993e+09    215.7 
    7  4.594e-02  5.843e+09    210.4 
    8  4.730e-02  5.675e+09    204.3 
    9  4.731e-02  5.674e+09    204.3 
   10  3.894e-02  6.894e+09    248.2 
   11  4.482e-02  5.990e+09    215.6 
   12  4.740e-02  5.663e+09    203.9 
-----------------------------------------------------
Average performance:           223.7 +- 18.7 GFLOP/s
-----------------------------------------------------