Total memory size: 786432 B, 768 KiB, 0 MiB

 Step    Time, s Interact/s  GFLOP/s
    0  9.182e-02  2.923e+09    105.2 (warm up)
    1  8.858e-02  3.030e+09    109.1 (warm up)
    2  5.466e-02  4.911e+09    176.8 (warm up)
    3  4.307e-02  6.232e+09    224.4 
    4  4.285e-02  6.264e+09    225.5 
    5  4.303e-02  6.238e+09    224.6 
    6  4.269e-02  6.288e+09    226.4 
    7  4.270e-02  6.286e+09    226.3 
    8  4.302e-02  6.239e+09    224.6 
    9  4.268e-02  6.290e+09    226.4 
   10  4.298e-02  6.246e+09    224.9 
   11  4.269e-02  6.288e+09    226.4 
   12  4.274e-02  6.281e+09    226.1 
-----------------------------------------------------
Average performance:           225.6 +- 0.8 GFLOP/s
-----------------------------------------------------