Total memory size: 786432 B, 768 KiB, 0 MiB

 Step    Time, s Interact/s  GFLOP/s
    0  3.145e-02  8.536e+09    307.3 (warm up)
    1  2.755e-02  9.745e+09    350.8 (warm up)
    2  2.772e-02  9.684e+09    348.6 (warm up)
    3  2.762e-02  9.718e+09    349.9 
    4  2.766e-02  9.703e+09    349.3 
    5  2.092e-02  1.283e+10    462.0 
    6  1.389e-02  1.932e+10    695.5 
    7  1.378e-02  1.947e+10    701.1 
    8  1.379e-02  1.947e+10    701.0 
    9  1.368e-02  1.962e+10    706.2 
   10  1.360e-02  1.973e+10    710.4 
   11  1.358e-02  1.977e+10    711.7 
   12  1.356e-02  1.979e+10    712.6 
-----------------------------------------------------
Average performance:           610.0 +- 148.9 GFLOP/s
-----------------------------------------------------