Total memory size: 393216 B, 384 KiB, 0 MiB

 Step    Time, s Interact/s  GFLOP/s
    0  2.705e+00  9.922e+07      1.8 (warm up)
    1  2.440e+00  1.100e+08      2.0 (warm up)
    2  2.729e+00  9.837e+07      1.8 (warm up)
    3  2.442e+00  1.099e+08      2.0 
    4  2.444e+00  1.098e+08      2.0 
    5  2.441e+00  1.100e+08      2.0 
    6  2.519e+00  1.066e+08      1.9 
    7  2.441e+00  1.100e+08      2.0 
    8  2.444e+00  1.098e+08      2.0 
    9  2.442e+00  1.099e+08      2.0 
   10  2.443e+00  1.099e+08      2.0 
   11  2.443e+00  1.099e+08      2.0 
   12  2.445e+00  1.098e+08      2.0 
-----------------------------------------------------
Average performance:             2.0 +- 0.0 GFLOP/s
-----------------------------------------------------