Total memory size: 393216 B, 384 KiB, 0 MiB

 Step    Time, s Interact/s  GFLOP/s
    0  2.655e+00  1.011e+08      1.8 (warm up)
    1  2.444e+00  1.098e+08      2.0 (warm up)
    2  2.480e+00  1.082e+08      1.9 (warm up)
    3  2.485e+00  1.080e+08      1.9 
    4  2.446e+00  1.098e+08      2.0 
    5  2.445e+00  1.098e+08      2.0 
    6  2.445e+00  1.098e+08      2.0 
    7  2.444e+00  1.098e+08      2.0 
    8  2.447e+00  1.097e+08      2.0 
    9  2.514e+00  1.068e+08      1.9 
   10  2.445e+00  1.098e+08      2.0 
   11  2.445e+00  1.098e+08      2.0 
   12  2.470e+00  1.087e+08      2.0 
-----------------------------------------------------
Average performance:             2.0 +- 0.0 GFLOP/s
-----------------------------------------------------