Total memory size: 786432 B, 768 KiB, 0 MiB

 Step    Time, s Interact/s  GFLOP/s
    0  1.548e+00  1.734e+08      3.1 (warm up)
    1  1.223e+00  2.195e+08      4.0 (warm up)
    2  1.222e+00  2.197e+08      4.0 (warm up)
    3  1.223e+00  2.196e+08      4.0 
    4  1.222e+00  2.197e+08      4.0 
    5  1.222e+00  2.197e+08      4.0 
    6  1.222e+00  2.196e+08      4.0 
    7  1.221e+00  2.198e+08      4.0 
    8  1.222e+00  2.197e+08      4.0 
    9  1.222e+00  2.196e+08      4.0 
   10  1.223e+00  2.196e+08      4.0 
   11  1.222e+00  2.196e+08      4.0 
   12  1.222e+00  2.197e+08      4.0 
-----------------------------------------------------
Average performance:             4.0 +- 0.0 GFLOP/s
-----------------------------------------------------