Total memory size: 786432 B, 768 KiB, 0 MiB

 Step    Time, s Interact/s  GFLOP/s
    0  2.418e-01  1.110e+09     40.0 (warm up)
    1  1.633e-01  1.644e+09     59.2 (warm up)
    2  1.624e-01  1.653e+09     59.5 (warm up)
    3  1.802e-01  1.490e+09     53.6 
    4  1.627e-01  1.650e+09     59.4 
    5  1.490e-01  1.802e+09     64.9 
    6  1.784e-01  1.505e+09     54.2 
    7  1.484e-01  1.809e+09     65.1 
    8  1.489e-01  1.803e+09     64.9 
    9  1.645e-01  1.632e+09     58.8 
   10  1.446e-01  1.856e+09     66.8 
   11  1.693e-01  1.586e+09     57.1 
   12  1.550e-01  1.731e+09     62.3 
-----------------------------------------------------
Average performance:            60.7 +- 4.5 GFLOP/s
-----------------------------------------------------