Total memory size: 786432 B, 768 KiB, 0 MiB

 Step    Time, s Interact/s  GFLOP/s
    0  8.097e-02  3.315e+09    119.4 (warm up)
    1  7.457e-02  3.600e+09    129.6 (warm up)
    2  3.832e-02  7.004e+09    252.2 (warm up)
    3  3.815e-02  7.037e+09    253.3 
    4  3.798e-02  7.067e+09    254.4 
    5  3.824e-02  7.019e+09    252.7 
    6  3.789e-02  7.085e+09    255.1 
    7  3.788e-02  7.087e+09    255.1 
    8  3.819e-02  7.030e+09    253.1 
    9  3.789e-02  7.085e+09    255.1 
   10  3.795e-02  7.073e+09    254.6 
   11  3.817e-02  7.032e+09    253.2 
   12  3.786e-02  7.091e+09    255.3 
-----------------------------------------------------
Average performance:           254.2 +- 0.9 GFLOP/s
-----------------------------------------------------