Total memory size: 786432 B, 768 KiB, 0 MiB

 Step    Time, s Interact/s  GFLOP/s
    0  1.378e-01  1.948e+09     70.1 (warm up)
    1  8.026e-02  3.345e+09    120.4 (warm up)
    2  6.529e-02  4.112e+09    148.0 (warm up)
    3  6.547e-02  4.100e+09    147.6 
    4  6.511e-02  4.123e+09    148.4 
    5  6.541e-02  4.104e+09    147.8 
    6  6.574e-02  4.083e+09    147.0 
    7  6.510e-02  4.123e+09    148.4 
    8  6.543e-02  4.102e+09    147.7 
    9  6.511e-02  4.123e+09    148.4 
   10  6.544e-02  4.102e+09    147.7 
   11  6.521e-02  4.116e+09    148.2 
   12  5.692e-02  4.716e+09    169.8 
-----------------------------------------------------
Average performance:           150.1 +- 6.6 GFLOP/s
-----------------------------------------------------