Total memory size: 786432 B, 768 KiB, 0 MiB

 Step    Time, s Interact/s  GFLOP/s
    0  2.891e-01  9.287e+08     33.4 (warm up)
    1  1.791e-01  1.498e+09     53.9 (warm up)
    2  1.735e-01  1.547e+09     55.7 (warm up)
    3  1.733e-01  1.549e+09     55.7 
    4  1.632e-01  1.644e+09     59.2 
    5  1.826e-01  1.470e+09     52.9 
    6  1.471e-01  1.825e+09     65.7 
    7  1.666e-01  1.611e+09     58.0 
    8  1.657e-01  1.620e+09     58.3 
    9  1.408e-01  1.907e+09     68.7 
   10  1.526e-01  1.760e+09     63.3 
   11  1.533e-01  1.751e+09     63.0 
   12  1.514e-01  1.773e+09     63.8 
-----------------------------------------------------
Average performance:            60.9 +- 4.6 GFLOP/s
-----------------------------------------------------