Total memory size: 786432 B, 768 KiB, 0 MiB

 Step    Time, s Interact/s  GFLOP/s
    0  2.462e-02  1.090e+10    392.5 (warm up)
    1  2.179e-02  1.232e+10    443.6 (warm up)
    2  2.195e-02  1.223e+10    440.4 (warm up)
    3  2.184e-02  1.229e+10    442.6 
    4  2.186e-02  1.228e+10    442.1 
    5  2.096e-02  1.281e+10    461.0 
    6  1.136e-02  2.363e+10    850.6 
    7  1.124e-02  2.387e+10    859.5 
    8  1.109e-02  2.421e+10    871.6 
    9  1.099e-02  2.442e+10    879.0 
   10  1.095e-02  2.452e+10    882.6 
   11  1.087e-02  2.469e+10    888.8 
   12  1.081e-02  2.482e+10    893.6 
-----------------------------------------------------
Average performance:           747.1 +- 195.9 GFLOP/s
-----------------------------------------------------