Total memory size: 786432 B, 768 KiB, 0 MiB

 Step    Time, s Interact/s  GFLOP/s
    0  1.397e-01  1.922e+09     69.2 (warm up)
    1  1.078e-01  2.491e+09     89.7 (warm up)
    2  6.856e-02  3.915e+09    140.9 (warm up)
    3  6.839e-02  3.925e+09    141.3 
    4  6.810e-02  3.942e+09    141.9 
    5  6.837e-02  3.926e+09    141.4 
    6  6.799e-02  3.948e+09    142.1 
    7  6.836e-02  3.927e+09    141.4 
    8  6.829e-02  3.931e+09    141.5 
    9  6.818e-02  3.937e+09    141.7 
   10  6.817e-02  3.938e+09    141.8 
   11  6.827e-02  3.932e+09    141.6 
   12  7.114e-02  3.773e+09    135.8 
-----------------------------------------------------
Average performance:           141.0 +- 1.8 GFLOP/s
-----------------------------------------------------