Total memory size: 1179648 B, 1152 KiB, 1 MiB

 Step    Time, s Interact/s  GFLOP/s
    0  1.590e-01  1.688e+09     60.8 (warm up)
    1  7.767e-02  3.456e+09    124.4 (warm up)
    2  7.774e-02  3.453e+09    124.3 (warm up)
    3  7.731e-02  3.472e+09    125.0 
    4  7.765e-02  3.457e+09    124.5 
    5  7.766e-02  3.456e+09    124.4 
    6  7.733e-02  3.471e+09    125.0 
    7  7.765e-02  3.457e+09    124.5 
    8  7.747e-02  3.465e+09    124.7 
    9  7.726e-02  3.474e+09    125.1 
   10  7.740e-02  3.468e+09    124.9 
   11  7.767e-02  3.456e+09    124.4 
   12  7.689e-02  3.491e+09    125.7 
-----------------------------------------------------
Average performance:           124.8 +- 0.4 GFLOP/s
-----------------------------------------------------