Total memory size: 786432 B, 768 KiB, 0 MiB

 Step    Time, s Interact/s  GFLOP/s
    0  1.327e-01  2.023e+09     36.4 (warm up)
    1  6.546e-02  4.101e+09     73.8 (warm up)
    2  6.513e-02  4.121e+09     74.2 (warm up)
    3  6.510e-02  4.124e+09     74.2 
    4  6.548e-02  4.100e+09     73.8 
    5  6.522e-02  4.116e+09     74.1 
    6  6.649e-02  4.037e+09     72.7 
    7  7.001e-02  3.834e+09     69.0 
    8  6.740e-02  3.983e+09     71.7 
    9  6.457e-02  4.157e+09     74.8 
   10  7.446e-02  3.605e+09     64.9 
   11  7.994e-02  3.358e+09     60.4 
   12  7.697e-02  3.487e+09     62.8 
-----------------------------------------------------
Average performance:            69.8 +- 5.0 GFLOP/s
-----------------------------------------------------