Total memory size: 786432 B, 768 KiB, 0 MiB

 Step    Time, s Interact/s  GFLOP/s
    0  3.095e-02  8.672e+09    156.1 (warm up)
    1  2.703e-02  9.930e+09    178.7 (warm up)
    2  2.696e-02  9.956e+09    179.2 (warm up)
    3  2.692e-02  9.973e+09    179.5 
    4  2.694e-02  9.965e+09    179.4 
    5  1.998e-02  1.343e+10    241.8 
    6  1.397e-02  1.922e+10    345.9 
    7  1.371e-02  1.959e+10    352.5 
    8  1.360e-02  1.974e+10    355.3 
    9  1.349e-02  1.990e+10    358.3 
   10  1.334e-02  2.013e+10    362.3 
   11  1.331e-02  2.017e+10    363.1 
   12  1.325e-02  2.026e+10    364.8 
-----------------------------------------------------
Average performance:           310.3 +- 74.0 GFLOP/s
-----------------------------------------------------