Total memory size: 786432 B, 768 KiB, 0 MiB

 Step    Time, s Interact/s  GFLOP/s
    0  2.579e+00  1.041e+08      1.9 (warm up)
    1  2.293e+00  1.171e+08      2.1 (warm up)
    2  2.299e+00  1.167e+08      2.1 (warm up)
    3  2.293e+00  1.171e+08      2.1 
    4  2.292e+00  1.171e+08      2.1 
    5  2.293e+00  1.171e+08      2.1 
    6  2.294e+00  1.170e+08      2.1 
    7  2.294e+00  1.170e+08      2.1 
    8  2.294e+00  1.170e+08      2.1 
    9  2.294e+00  1.170e+08      2.1 
   10  2.293e+00  1.171e+08      2.1 
   11  2.294e+00  1.170e+08      2.1 
   12  2.303e+00  1.165e+08      2.1 
-----------------------------------------------------
Average performance:             2.1 +- 0.0 GFLOP/s
-----------------------------------------------------