
Total memory size: 786432 B, 768 KiB, 0 MiB

 Step    Time, s Interact/s  GFLOP/s
    0  1.473e-01  1.822e+09     65.6 (warm up)
    1  6.845e-02  3.921e+09    141.2 (warm up)
    2  7.027e-02  3.820e+09    137.5 (warm up)
    3  8.001e-02  3.355e+09    120.8 
    4  6.845e-02  3.921e+09    141.2 
    5  6.809e-02  3.942e+09    141.9 
    6  8.058e-02  3.331e+09    119.9 
    7  6.999e-02  3.835e+09    138.1 
    8  6.814e-02  3.940e+09    141.8 
    9  7.411e-02  3.622e+09    130.4 
   10  7.990e-02  3.360e+09    120.9 
   11  6.324e-02  4.244e+09    152.8 
   12  6.279e-02  4.275e+09    153.9 
-----------------------------------------------------
Average performance:           136.2 +- 12.0 GFLOP/s
-----------------------------------------------------