Total memory size: 786432 B, 768 KiB, 0 MiB

 Step    Time, s Interact/s  GFLOP/s
    0  2.517e-01  1.067e+09     38.4 (warm up)
    1  1.539e-01  1.744e+09     62.8 (warm up)
    2  1.313e-01  2.045e+09     73.6 (warm up)
    3  1.285e-01  2.090e+09     75.2 
    4  1.285e-01  2.089e+09     75.2 
    5  1.286e-01  2.087e+09     75.1 
    6  1.352e-01  1.985e+09     71.5 
    7  1.106e-01  2.427e+09     87.4 
    8  1.106e-01  2.427e+09     87.4 
    9  1.176e-01  2.283e+09     82.2 
   10  1.203e-01  2.231e+09     80.3 
   11  1.106e-01  2.427e+09     87.4 
   12  1.132e-01  2.372e+09     85.4 
-----------------------------------------------------
Average performance:            80.7 +- 5.8 GFLOP/s
-----------------------------------------------------