Total memory size: 786432 B, 768 KiB, 0 MiB

 Step    Time, s Interact/s  GFLOP/s
    0  2.550e-01  1.053e+09     37.9 (warm up)
    1  1.683e-01  1.595e+09     57.4 (warm up)
    2  1.653e-01  1.624e+09     58.5 (warm up)
    3  1.654e-01  1.623e+09     58.4 
    4  1.701e-01  1.578e+09     56.8 
    5  1.604e-01  1.674e+09     60.3 
    6  1.424e-01  1.886e+09     67.9 
    7  1.695e-01  1.584e+09     57.0 
    8  1.423e-01  1.886e+09     67.9 
    9  1.427e-01  1.882e+09     67.7 
   10  1.423e-01  1.886e+09     67.9 
   11  1.760e-01  1.525e+09     54.9 
   12  1.591e-01  1.687e+09     60.7 
-----------------------------------------------------
Average performance:            62.0 +- 5.1 GFLOP/s
-----------------------------------------------------