Total memory size: 786432 B, 768 KiB, 0 MiB

 Step    Time, s Interact/s  GFLOP/s
    0  3.066e-02  8.756e+09    315.2 (warm up)
    1  2.831e-02  9.484e+09    341.4 (warm up)
    2  2.830e-02  9.487e+09    341.5 (warm up)
    3  2.832e-02  9.478e+09    341.2 
    4  2.275e-02  1.180e+10    424.8 
    5  1.472e-02  1.824e+10    656.7 
    6  1.436e-02  1.869e+10    672.9 
    7  1.419e-02  1.892e+10    681.3 
    8  1.476e-02  1.819e+10    654.9 
    9  1.395e-02  1.924e+10    692.8 
   10  1.389e-02  1.933e+10    695.7 
   11  1.383e-02  1.941e+10    698.6 
   12  1.378e-02  1.948e+10    701.2 
-----------------------------------------------------
Average performance:           622.0 +- 121.9 GFLOP/s
-----------------------------------------------------