Total memory size: 786432 B, 768 KiB, 0 MiB

 Step    Time, s Interact/s  GFLOP/s
    0  1.469e-01  1.828e+09     65.8 (warm up)
    1  9.051e-02  2.966e+09    106.8 (warm up)
    2  6.013e-02  4.464e+09    160.7 (warm up)
    3  8.353e-02  3.214e+09    115.7 
    4  7.567e-02  3.548e+09    127.7 
    5  5.960e-02  4.504e+09    162.1 
    6  7.918e-02  3.390e+09    122.1 
    7  8.492e-02  3.161e+09    113.8 
    8  5.986e-02  4.484e+09    161.4 
    9  6.814e-02  3.940e+09    141.8 
   10  8.341e-02  3.218e+09    115.9 
   11  7.013e-02  3.828e+09    137.8 
   12  6.010e-02  4.466e+09    160.8 
-----------------------------------------------------
Average performance:           135.9 +- 18.9 GFLOP/s
-----------------------------------------------------