Total memory size: 786432 B, 768 KiB, 0 MiB

 Step    Time, s Interact/s  GFLOP/s
    0  2.046e-01  1.312e+09     47.2 (warm up)
    1  1.311e-01  2.048e+09     73.7 (warm up)
    2  1.341e-01  2.002e+09     72.1 (warm up)
    3  1.320e-01  2.033e+09     73.2 
    4  1.344e-01  1.997e+09     71.9 
    5  1.109e-01  2.421e+09     87.2 
    6  1.107e-01  2.425e+09     87.3 
    7  1.168e-01  2.298e+09     82.7 
    8  1.341e-01  2.002e+09     72.1 
    9  1.105e-01  2.428e+09     87.4 
   10  1.289e-01  2.082e+09     74.9 
   11  1.106e-01  2.428e+09     87.4 
   12  1.105e-01  2.429e+09     87.4 
-----------------------------------------------------
Average performance:            81.2 +- 6.8 GFLOP/s
-----------------------------------------------------