Total memory size: 786432 B, 768 KiB, 0 MiB

 Step    Time, s Interact/s  GFLOP/s
    0  2.433e-02  1.103e+10    397.1 (warm up)
    1  2.204e-02  1.218e+10    438.6 (warm up)
    2  2.192e-02  1.224e+10    440.8 (warm up)
    3  2.188e-02  1.227e+10    441.7 
    4  2.195e-02  1.223e+10    440.3 
    5  2.187e-02  1.227e+10    441.9 
    6  1.202e-02  2.233e+10    804.0 
    7  1.149e-02  2.337e+10    841.4 
    8  1.130e-02  2.376e+10    855.3 
    9  1.111e-02  2.417e+10    870.0 
   10  1.110e-02  2.418e+10    870.3 
   11  1.101e-02  2.438e+10    877.7 
   12  1.098e-02  2.446e+10    880.5 
-----------------------------------------------------
Average performance:           732.3 +- 191.7 GFLOP/s
-----------------------------------------------------