Total memory size: 786432 B, 768 KiB, 0 MiB

 Step    Time, s Interact/s  GFLOP/s
    0  2.702e-01  9.933e+08     35.8 (warm up)
    1  1.781e-01  1.507e+09     54.3 (warm up)
    2  1.727e-01  1.555e+09     56.0 (warm up)
    3  1.681e-01  1.597e+09     57.5 
    4  1.499e-01  1.791e+09     64.5 
    5  1.705e-01  1.574e+09     56.7 
    6  1.717e-01  1.563e+09     56.3 
    7  1.519e-01  1.767e+09     63.6 
    8  1.532e-01  1.752e+09     63.1 
    9  1.514e-01  1.773e+09     63.8 
   10  1.854e-01  1.448e+09     52.1 
   11  1.667e-01  1.610e+09     58.0 
   12  1.452e-01  1.849e+09     66.6 
-----------------------------------------------------
Average performance:            60.2 +- 4.4 GFLOP/s
-----------------------------------------------------