Total memory size: 786432 B, 768 KiB, 0 MiB

 Step    Time, s Interact/s  GFLOP/s
    0  2.549e-01  1.053e+09     37.9 (warm up)
    1  1.350e-01  1.989e+09     71.6 (warm up)
    2  1.292e-01  2.077e+09     74.8 (warm up)
    3  1.342e-01  2.001e+09     72.0 
    4  1.292e-01  2.078e+09     74.8 
    5  1.347e-01  1.992e+09     71.7 
    6  1.167e-01  2.301e+09     82.8 
    7  1.335e-01  2.011e+09     72.4 
    8  1.110e-01  2.419e+09     87.1 
    9  1.323e-01  2.028e+09     73.0 
   10  1.110e-01  2.419e+09     87.1 
   11  1.126e-01  2.383e+09     85.8 
   12  1.151e-01  2.332e+09     84.0 
-----------------------------------------------------
Average performance:            79.1 +- 6.4 GFLOP/s
-----------------------------------------------------