Total memory size: 786432 B, 768 KiB, 0 MiB

 Step    Time, s Interact/s  GFLOP/s
    0  9.082e-02  2.956e+09    106.4 (warm up)
    1  9.047e-02  2.967e+09    106.8 (warm up)
    2  6.930e-02  3.874e+09    139.5 (warm up)
    3  4.090e-02  6.564e+09    236.3 
    4  4.104e-02  6.541e+09    235.5 
    5  4.217e-02  6.366e+09    229.2 
    6  4.040e-02  6.645e+09    239.2 
    7  4.038e-02  6.647e+09    239.3 
    8  4.149e-02  6.470e+09    232.9 
    9  4.032e-02  6.658e+09    239.7 
   10  4.041e-02  6.643e+09    239.2 
   11  4.150e-02  6.468e+09    232.8 
   12  4.086e-02  6.570e+09    236.5 
-----------------------------------------------------
Average performance:           236.1 +- 3.3 GFLOP/s
-----------------------------------------------------