Total memory size: 786432 B, 768 KiB, 0 MiB

 Step    Time, s Interact/s  GFLOP/s
    0  1.348e-01  1.991e+09     35.8 (warm up)
    1  9.330e-02  2.877e+09     51.8 (warm up)
    2  6.417e-02  4.183e+09     75.3 (warm up)
    3  6.413e-02  4.186e+09     75.3 
    4  6.374e-02  4.211e+09     75.8 
    5  6.390e-02  4.201e+09     75.6 
    6  6.367e-02  4.216e+09     75.9 
    7  6.391e-02  4.200e+09     75.6 
    8  6.367e-02  4.216e+09     75.9 
    9  6.393e-02  4.199e+09     75.6 
   10  6.369e-02  4.215e+09     75.9 
   11  6.329e-02  4.241e+09     76.3 
   12  5.907e-02  4.545e+09     81.8 
-----------------------------------------------------
Average performance:            76.4 +- 1.8 GFLOP/s
-----------------------------------------------------