Total memory size: 786432 B, 768 KiB, 0 MiB

 Step    Time, s Interact/s  GFLOP/s
    0  1.486e-01  1.806e+09     65.0 (warm up)
    1  9.180e-02  2.924e+09    105.3 (warm up)
    2  8.358e-02  3.212e+09    115.6 (warm up)
    3  8.284e-02  3.240e+09    116.7 
    4  6.733e-02  3.987e+09    143.5 
    5  7.151e-02  3.754e+09    135.1 
    6  8.360e-02  3.211e+09    115.6 
    7  7.268e-02  3.693e+09    133.0 
    8  6.728e-02  3.990e+09    143.6 
    9  8.422e-02  3.187e+09    114.7 
   10  8.365e-02  3.209e+09    115.5 
   11  6.182e-02  4.342e+09    156.3 
   12  6.158e-02  4.359e+09    156.9 
-----------------------------------------------------
Average performance:           133.1 +- 16.0 GFLOP/s
-----------------------------------------------------