Total memory size: 786432 B, 768 KiB, 0 MiB

 Step    Time, s Interact/s  GFLOP/s
    0  2.374e-01  1.131e+09     40.7 (warm up)
    1  1.338e-01  2.007e+09     72.3 (warm up)
    2  1.285e-01  2.088e+09     75.2 (warm up)
    3  1.330e-01  2.019e+09     72.7 
    4  1.286e-01  2.087e+09     75.1 
    5  1.335e-01  2.011e+09     72.4 
    6  1.111e-01  2.417e+09     87.0 
    7  1.294e-01  2.075e+09     74.7 
    8  1.343e-01  1.999e+09     72.0 
    9  1.106e-01  2.427e+09     87.4 
   10  1.107e-01  2.426e+09     87.3 
   11  1.107e-01  2.425e+09     87.3 
   12  1.106e-01  2.427e+09     87.4 
-----------------------------------------------------
Average performance:            80.3 +- 7.0 GFLOP/s
-----------------------------------------------------