Total memory size: 786432 B, 768 KiB, 0 MiB

 Step    Time, s Interact/s  GFLOP/s
    0  9.094e-02  2.952e+09     53.1 (warm up)
    1  8.863e-02  3.029e+09     54.5 (warm up)
    2  6.141e-02  4.371e+09     78.7 (warm up)
    3  4.123e-02  6.511e+09    117.2 
    4  4.108e-02  6.535e+09    117.6 
    5  4.193e-02  6.403e+09    115.3 
    6  4.115e-02  6.523e+09    117.4 
    7  4.103e-02  6.542e+09    117.8 
    8  4.201e-02  6.390e+09    115.0 
    9  4.099e-02  6.549e+09    117.9 
   10  4.096e-02  6.553e+09    118.0 
   11  4.192e-02  6.404e+09    115.3 
   12  4.108e-02  6.535e+09    117.6 
-----------------------------------------------------
Average performance:           116.9 +- 1.1 GFLOP/s
-----------------------------------------------------