Total memory size: 393216 B, 384 KiB, 0 MiB

 Step    Time, s Interact/s  GFLOP/s

    0  2.068e+00  1.298e+08      2.2 (warm up)
    1  1.872e+00  1.434e+08      2.4 (warm up)
    2  1.871e+00  1.434e+08      2.4 (warm up)
    3  1.872e+00  1.434e+08      2.4 
    4  1.928e+00  1.392e+08      2.4 
    5  1.871e+00  1.434e+08      2.4 
    6  1.872e+00  1.434e+08      2.4 
    7  1.872e+00  1.434e+08      2.4 
    8  1.872e+00  1.434e+08      2.4 
    9  1.948e+00  1.378e+08      2.3 
   10  1.870e+00  1.435e+08      2.4 
   11  1.871e+00  1.435e+08      2.4 
   12  1.872e+00  1.434e+08      2.4 
-----------------------------------------------------
Average performance:             2.4 +- 0.0 GFLOP/s
-----------------------------------------------------