Total memory size: 393216 B, 384 KiB, 0 MiB

 Step    Time, s Interact/s  GFLOP/s
    0  8.170e+00  3.286e+07      0.6 (warm up)
    1  7.992e+00  3.359e+07      0.6 (warm up)
    2  8.070e+00  3.326e+07      0.6 (warm up)
    3  7.992e+00  3.359e+07      0.6 
    4  8.070e+00  3.326e+07      0.6 
    5  7.993e+00  3.358e+07      0.6 
    6  8.068e+00  3.327e+07      0.6 
    7  7.991e+00  3.359e+07      0.6 
    8  7.995e+00  3.358e+07      0.6 
    9  7.999e+00  3.356e+07      0.6 
   10  7.989e+00  3.360e+07      0.6 
   11  8.064e+00  3.329e+07      0.6 
   12  7.986e+00  3.361e+07      0.6 
-----------------------------------------------------
Average performance:             0.6 +- 0.0 GFLOP/s
-----------------------------------------------------